0.001120000000000	
0.001120000000000	
0.001120000000000	
0.001120000000000	
0.001120000000000	
0.001120000000000	
0.001120000000000	
0.001120000000000	
0.001120000000000	
0.001120000000000	
0.001120000000000	
0.001120000000000	
0.001120000000000	
0.001120000000000	
0.001120000000000	
0.001120000000000	
0.001120000000000	
0.001120000000000	
0.001120000000000	
0.001120000000000	
0.001120000000000	
0.001120000000000	
0.001120000000000	
0.001120000000000	
0.001120000000000	
0.001120000000000	
0.001120000000000	
0.001120000000000	
0.001120000000000	
0.001120000000000	
0.001120000000000	
0.001120000000000	
0.001120000000000	
0.001120000000000	
0.001120000000000	
0.001120000000000	
0.001120000000000	
0.001120000000000	
0.001120000000000	
0.001120000000000	
0.001120000000000	
0.001120000000000	
0.001120000000000	
0.001120000000000	
0.001120000000000	
0.001120000000000	
0.001120000000000	
0.001120000000000	
0.001120000000000	
0.001120000000000	
0.001120000000000	
0.001120000000000	
0.001120000000000	
0.001120000000000	
0.001120000000000	
0.001120000000000	
0.001120000000000	
0.001120000000000	
0.001120000000000	
0.001120000000000	
0.001120000000000	
0.001120000000000	
0.001120000000000	
0.001120000000000	
0.001120000000000	
0.001120000000000	
0.001120000000000	
0.001120000000000	
0.001120000000000	
0.001120000000000	
0.001120000000000	
0.001120000000000	
0.001120000000000	
0.001120000000000	
0.001120000000000	
0.001120000000000	
0.001120000000000	
0.001120000000000	
0.001120000000000	
0.001120000000000	
0.001120000000000	
0.001120000000000	
0.001120000000000	
0.001120000000000	
0.001120000000000	
0.001120000000000	
0.001120000000000	
0.001120000000000	
0.001120000000000	
0.001120000000000	
0.001120000000000	
0.001120000000000	
0.001120000000000	
0.001120000000000	
0.001120000000000	
0.001120000000000	
0.001120000000000	
0.001120000000000	
0.001120000000000	
0.001120000000000	
0.001120000000000	
0.001420000000000	
0.001410000000000	
0.001340000000000	
0.001200000000000	
0.001250000000000	
0.001330000000000	
0.001770000000000	
0.001210000000000	
0.001120000000000	
0.001400000000000	
0.001710000000000	
0.001190000000000	
0.001120000000000	
0.001420000000000	
0.001410000000000	
0.001340000000000	
0.001200000000000	
0.001250000000000	
0.001330000000000	
0.001770000000000	
0.001210000000000	
0.001120000000000	
0.001400000000000	
0.001710000000000	
0.001190000000000	
0.001120000000000	
0.001420000000000	
0.001410000000000	
0.001340000000000	
0.001200000000000	
0.001250000000000	
0.001330000000000	
0.001770000000000	
0.001210000000000	
0.001120000000000	
0.001400000000000	
0.001710000000000	
0.001190000000000	
0.001120000000000	
0.001420000000000	
0.001410000000000	
0.001340000000000	
0.001200000000000	
0.001250000000000	
0.001330000000000	
0.001770000000000	
0.001210000000000	
0.001120000000000	
0.001400000000000	
0.001710000000000	
0.001190000000000	
0.001120000000000	
0.001420000000000	
0.001410000000000	
0.001340000000000	
0.001200000000000	
0.001250000000000	
0.001330000000000	
0.001770000000000	
0.001210000000000	
0.001120000000000	
0.001400000000000	
0.001710000000000	
0.001190000000000	
0.001120000000000	
0.001420000000000	
0.001410000000000	
0.001340000000000	
0.001200000000000	
0.001250000000000	
0.001330000000000	
0.001770000000000	
0.001210000000000	
0.001120000000000	
0.001400000000000	
0.001710000000000	
0.001190000000000	
0.001120000000000	
0.001420000000000	
0.001410000000000	
0.001340000000000	
0.001200000000000	
0.001250000000000	
0.001330000000000	
0.001770000000000	
0.001210000000000	
0.001120000000000	
0.001400000000000	
0.001710000000000	
0.001190000000000	
0.001120000000000	
0.001420000000000	
0.001410000000000	
0.001340000000000	
0.001200000000000	
0.001250000000000	
0.001330000000000	
0.001770000000000	
0.001210000000000	
0.001120000000000	
0.001400000000000	
0.001710000000000	
0.001190000000000	
0.001120000000000	
0.001420000000000	
0.001410000000000	
0.001340000000000	
0.001200000000000	
0.001250000000000	
0.001330000000000	
0.001770000000000	
0.001210000000000	
0.001120000000000	
0.001400000000000	
0.001710000000000	
0.001190000000000	
0.001120000000000	
0.001420000000000	
0.001410000000000	
0.001340000000000	
0.001200000000000	
0.001250000000000	
0.001330000000000	
0.001770000000000	
0.001210000000000	
0.001120000000000	
0.001400000000000	
0.001710000000000	
0.001190000000000	
0.001120000000000	
0.001420000000000	
0.001410000000000	
0.001340000000000	
0.001200000000000	
0.001250000000000	
0.001330000000000	
0.001770000000000	
0.001210000000000	
0.001120000000000	
0.001400000000000	
0.001710000000000	
0.001190000000000	
0.001120000000000	
0.001420000000000	
0.001410000000000	
0.001340000000000	
0.001200000000000	
0.001250000000000	
0.001330000000000	
0.001770000000000	
0.001210000000000	
0.001120000000000	
0.001400000000000	
0.001710000000000	
0.001190000000000	
0.001120000000000	
0.001420000000000	
0.001410000000000	
0.001340000000000	
0.001200000000000	
0.001250000000000	
0.001330000000000	
0.001770000000000	
0.001210000000000	
0.001120000000000	
0.001400000000000	
0.001710000000000	
0.001190000000000	
0.001120000000000	
0.001420000000000	
0.001410000000000	
0.001340000000000	
0.001200000000000	
0.001250000000000	
0.001330000000000	
0.001770000000000	
0.001210000000000	
0.001120000000000	
0.001400000000000	
0.001710000000000	
0.001190000000000	
0.001120000000000	
0.001420000000000	
0.001410000000000	
0.001340000000000	
0.001200000000000	
0.001250000000000	
0.001330000000000	
0.001770000000000	
0.001210000000000	
0.001120000000000	
0.001400000000000	
0.001710000000000	
0.001190000000000	
0.001120000000000	
0.001420000000000	
0.001410000000000	
0.001340000000000	
0.001200000000000	
0.001250000000000	
0.001330000000000	
0.001770000000000	
0.001210000000000	
0.001120000000000	
0.001400000000000	
0.001710000000000	
0.001190000000000	
0.001120000000000	
0.001420000000000	
0.001410000000000	
0.001340000000000	
0.001200000000000	
0.001250000000000	
0.001330000000000	
0.001770000000000	
0.001210000000000	
0.001120000000000	
0.001400000000000	
0.001710000000000	
0.001190000000000	
0.001120000000000	
0.001420000000000	
0.001410000000000	
0.001340000000000	
0.001200000000000	
0.001250000000000	
0.001330000000000	
0.001770000000000	
0.001210000000000	
0.001120000000000	
0.001400000000000	
0.001710000000000	
0.001190000000000	
0.001120000000000	
0.001420000000000	
0.001410000000000	
0.001340000000000	
0.001200000000000	
0.001250000000000	
0.001330000000000	
0.001770000000000	
0.001210000000000	
0.001120000000000	
0.001400000000000	
0.001710000000000	
0.001190000000000	
0.001120000000000	
0.001420000000000	
0.001410000000000	
0.001340000000000	
0.001200000000000	
0.001250000000000	
0.001330000000000	
0.001770000000000	
0.001210000000000	
0.001120000000000	
0.001400000000000	
0.001710000000000	
0.001190000000000	
0.001120000000000	
0.001420000000000	
0.001410000000000	
0.001340000000000	
0.001200000000000	
0.001250000000000	
0.001330000000000	
0.001770000000000	
0.001210000000000	
0.001120000000000	
0.001400000000000	
0.001710000000000	
0.001190000000000	
0.001120000000000	
0.001420000000000	
0.001410000000000	
0.001340000000000	
0.001200000000000	
0.001250000000000	
0.001330000000000	
0.001770000000000	
0.001210000000000	
0.001120000000000	
0.001400000000000	
0.001710000000000	
0.001190000000000	
0.001120000000000	
0.001420000000000	
0.001410000000000	
0.001340000000000	
0.001200000000000	
0.001250000000000	
0.001330000000000	
0.001770000000000	
0.001210000000000	
0.001120000000000	
0.001400000000000	
0.001710000000000	
0.001190000000000	
0.001120000000000	
0.001420000000000	
0.001410000000000	
0.001340000000000	
0.001200000000000	
0.001250000000000	
0.001330000000000	
0.001770000000000	
0.001210000000000	
0.001120000000000	
0.001400000000000	
0.001710000000000	
0.001190000000000	
0.001120000000000	
0.001420000000000	
0.001410000000000	
0.001340000000000	
0.001200000000000	
0.001250000000000	
0.001330000000000	
0.001770000000000	
0.001210000000000	
0.001120000000000	
0.001400000000000	
0.001710000000000	
0.001190000000000	
0.001120000000000	
0.001420000000000	
0.001410000000000	
0.001340000000000	
0.001200000000000	
0.001250000000000	
0.001330000000000	
0.001770000000000	
0.001210000000000	
0.001120000000000	
0.001400000000000	
0.001710000000000	
0.001190000000000	
0.001120000000000	
0.001420000000000	
0.001410000000000	
0.001340000000000	
0.001200000000000	
0.001250000000000	
0.001330000000000	
0.001770000000000	
0.001210000000000	
0.001120000000000	
0.001400000000000	
0.001710000000000	
0.001190000000000	
0.001120000000000	
0.001420000000000	
0.001410000000000	
0.001340000000000	
0.001200000000000	
0.001250000000000	
0.001330000000000	
0.001770000000000	
0.001210000000000	
0.001120000000000	
0.001400000000000	
0.001710000000000	
0.001190000000000	
0.001120000000000	
0.001420000000000	
0.001410000000000	
0.001340000000000	
0.001200000000000	
0.001250000000000	
0.001330000000000	
0.001770000000000	
0.001210000000000	
0.001120000000000	
0.001400000000000	
0.001710000000000	
0.001190000000000	
0.001120000000000	
0.001420000000000	
0.001410000000000	
0.001340000000000	
0.001200000000000	
0.001250000000000	
0.001330000000000	
0.001770000000000	
0.001210000000000	
0.001120000000000	
0.001400000000000	
0.001710000000000	
0.001190000000000	
0.001120000000000	
0.001420000000000	
0.001410000000000	
0.001340000000000	
0.001200000000000	
0.001250000000000	
0.001330000000000	
0.001770000000000	
0.001210000000000	
0.001120000000000	
0.001400000000000	
0.001710000000000	
0.001190000000000	
0.001120000000000	
0.001420000000000	
0.001410000000000	
0.001340000000000	
0.001200000000000	
0.001250000000000	
0.001330000000000	
0.001770000000000	
0.001210000000000	
0.001120000000000	
0.001400000000000	
0.001710000000000	
0.001190000000000	
0.001120000000000	
0.001420000000000	
0.001410000000000	
0.001340000000000	
0.001200000000000	
0.001250000000000	
0.001330000000000	
0.001770000000000	
0.001210000000000	
0.001120000000000	
0.001400000000000	
0.001710000000000	
0.001190000000000	
0.001120000000000	
0.001420000000000	
0.001410000000000	
0.001340000000000	
0.001200000000000	
0.001250000000000	
0.001330000000000	
0.001770000000000	
0.001210000000000	
0.001120000000000	
0.001400000000000	
0.001710000000000	
0.001190000000000	
0.001120000000000	
0.001420000000000	
0.001410000000000	
0.001340000000000	
0.001200000000000	
0.001250000000000	
0.001330000000000	
0.001770000000000	
0.001210000000000	
0.001120000000000	
0.001400000000000	
0.001710000000000	
0.001190000000000	
0.001120000000000	
0.001420000000000	
0.001410000000000	
0.001340000000000	
0.001200000000000	
0.001250000000000	
0.001330000000000	
0.001770000000000	
0.001210000000000	
0.001120000000000	
0.001400000000000	
0.001710000000000	
0.001190000000000	
0.001120000000000	
0.001420000000000	
0.001410000000000	
0.001340000000000	
0.001200000000000	
0.001250000000000	
0.001330000000000	
0.001770000000000	
0.001210000000000	
0.001120000000000	
0.001400000000000	
0.001710000000000	
0.001190000000000	
0.001120000000000	
0.001420000000000	
0.001410000000000	
0.001340000000000	
0.001200000000000	
0.001250000000000	
0.001330000000000	
0.001770000000000	
0.001210000000000	
0.001120000000000	
0.001400000000000	
0.001710000000000	
0.001190000000000	
0.001120000000000	
0.001420000000000	
0.001410000000000	
0.001340000000000	
0.001200000000000	
0.001250000000000	
0.001330000000000	
0.001770000000000	
0.001210000000000	
0.001120000000000	
0.001400000000000	
0.001710000000000	
0.001190000000000	
0.001120000000000	
0.001420000000000	
0.001410000000000	
0.001340000000000	
0.001200000000000	
0.001250000000000	
0.001330000000000	
0.001770000000000	
0.001210000000000	
0.001120000000000	
0.001400000000000	
0.001710000000000	
0.001190000000000	
0.001120000000000	
0.001420000000000	
0.001410000000000	
0.001340000000000	
0.001200000000000	
0.001250000000000	
0.001330000000000	
0.001770000000000	
0.001210000000000	
0.001120000000000	
0.001400000000000	
0.001710000000000	
0.001190000000000	
0.001120000000000	
0.001420000000000	
0.001410000000000	
0.001340000000000	
0.001200000000000	
0.001250000000000	
0.001330000000000	
0.001770000000000	
0.001210000000000	
0.001120000000000	
0.001400000000000	
0.001710000000000	
0.001190000000000	
0.001120000000000	
0.001420000000000	
0.001410000000000	
0.001340000000000	
0.027190000000000	
0.103620000000000	
0.176800000000000	
0.226600000000000	
0.261670000000000	
0.280610000000000	
0.285990000000000	
0.283060000000000	
0.274670000000000	
0.260910000000000	
0.242250000000000	
0.221950000000000	
0.201320000000000	
0.180060000000000	
0.157670000000000	
0.136800000000000	
0.117260000000000	
0.099240000000000	
0.082410000000000	
0.067460000000000	
0.054940000000000	
0.045050000000000	
0.036870000000000	
0.029540000000000	
0.023990000000000	
0.020070000000000	
0.016620000000000	
0.013090000000000	
0.010710000000000	
0.009270000000000	
0.007570000000000	
0.006050000000000	
0.004820000000000	
0.004300000000000	
0.003810000000000	
0.002980000000000	
0.002230000000000	
0.002140000000000	
0.002290000000000	
0.001880000000000	
0.001380000000000	
0.001390000000000	
0.001660000000000	
0.001460000000000	
0.001280000000000	
0.001100000000000	
0.001400000000000	
0.001280000000000	
0.001270000000000	
0.001080000000000	
0.001330000000000	
0.001290000000000	
0.001400000000000	
0.001310000000000	
0.001230000000000	
0.001360000000000	
0.001280000000000	
0.001290000000000	
0.001100000000000	
0.001340000000000	
0.001190000000000	
0.001260000000000	
0.001090000000000	
0.001320000000000	
0.001250000000000	
0.001370000000000	
0.001340000000000	
0.001230000000000	
0.001340000000000	
0.001260000000000	
0.001290000000000	
0.001100000000000	
0.001330000000000	
0.001190000000000	
0.001260000000000	
0.001100000000000	
0.001330000000000	
0.001240000000000	
0.001370000000000	
0.001350000000000	
0.001230000000000	
0.001340000000000	
0.001260000000000	
0.001290000000000	
0.001100000000000	
0.001330000000000	
0.001190000000000	
0.001260000000000	
0.001100000000000	
0.001330000000000	
0.001240000000000	
0.001370000000000	
0.001350000000000	
0.001230000000000	
0.001340000000000	
0.001260000000000	
0.001290000000000	
0.001100000000000	
0.001330000000000	
0.001190000000000	
0.001260000000000	
0.001100000000000	
0.001330000000000	
0.001240000000000	
0.001370000000000	
0.001350000000000	
0.001230000000000	
0.001340000000000	
0.001260000000000	
0.001290000000000	
0.001100000000000	
0.001330000000000	
0.001190000000000	
0.001260000000000	
0.001100000000000	
0.001330000000000	
0.001240000000000	
0.001370000000000	
0.001350000000000	
0.001230000000000	
0.001340000000000	
0.001260000000000	
0.001290000000000	
0.001100000000000	
0.001330000000000	
0.001190000000000	
0.001260000000000	
0.001100000000000	
0.001330000000000	
0.001240000000000	
0.001370000000000	
0.001350000000000	
0.001230000000000	
0.001340000000000	
0.001260000000000	
0.001290000000000	
0.001100000000000	
0.001330000000000	
0.001190000000000	
0.001260000000000	
0.001100000000000	
0.001330000000000	
0.001240000000000	
0.001370000000000	
0.001350000000000	
0.001230000000000	
0.001340000000000	
0.001260000000000	
0.001290000000000	
0.001100000000000	
0.001330000000000	
0.001190000000000	
0.001260000000000	
0.001100000000000	
0.001330000000000	
0.001240000000000	
0.001370000000000	
0.001350000000000	
0.001230000000000	
0.001340000000000	
0.001260000000000	
0.001290000000000	
0.001100000000000	
0.001330000000000	
0.001190000000000	
0.001260000000000	
0.001100000000000	
0.001330000000000	
0.001240000000000	
0.001370000000000	
0.001350000000000	
0.001230000000000	
0.001340000000000	
0.001260000000000	
0.001290000000000	
0.001100000000000	
0.001330000000000	
0.001190000000000	
0.001260000000000	
0.001100000000000	
0.001330000000000	
0.001240000000000	
0.001370000000000	
0.001350000000000	
0.001230000000000	
0.001340000000000	
0.001260000000000	
0.001290000000000	
0.001100000000000	
0.001330000000000	
0.001190000000000	
0.001260000000000	
0.001100000000000	
0.001330000000000	
0.001240000000000	
0.001370000000000	
0.001350000000000	
0.001230000000000	
0.001340000000000	
0.001260000000000	
0.001290000000000	
0.001100000000000	
0.001330000000000	
0.001190000000000	
0.001260000000000	
0.001100000000000	
0.001330000000000	
0.001240000000000	
0.001370000000000	
0.001350000000000	
0.001230000000000	
0.001340000000000	
0.001260000000000	
0.001290000000000	
0.001100000000000	
0.001330000000000	
0.001190000000000	
0.001260000000000	
0.001100000000000	
0.001330000000000	
0.001240000000000	
0.001370000000000	
0.001350000000000	
0.001230000000000	
0.001340000000000	
0.001260000000000	
0.001290000000000	
0.001100000000000	
0.001330000000000	
0.001190000000000	
0.001260000000000	
0.001100000000000	
0.001330000000000	
0.001240000000000	
0.001370000000000	
0.001350000000000	
0.001230000000000	
0.001340000000000	
0.001260000000000	
0.001290000000000	
0.001100000000000	
0.001330000000000	
0.001190000000000	
0.001260000000000	
0.001100000000000	
0.001330000000000	
0.001240000000000	
0.001370000000000	
0.001350000000000	
0.001230000000000	
0.001340000000000	
0.001260000000000	
0.001290000000000	
0.001100000000000	
0.001330000000000	
0.001190000000000	
0.001260000000000	
0.001100000000000	
0.001330000000000	
0.001240000000000	
0.001370000000000	
0.001350000000000	
0.001230000000000	
0.001340000000000	
0.001260000000000	
0.001290000000000	
0.001100000000000	
0.001330000000000	
0.001190000000000	
0.001260000000000	
0.001100000000000	
0.001330000000000	
0.001240000000000	
0.001370000000000	
0.001350000000000	
0.001230000000000	
0.001340000000000	
0.001260000000000	
0.001290000000000	
0.001100000000000	
0.001330000000000	
0.001190000000000	
0.001260000000000	
0.001100000000000	
0.001330000000000	
0.001240000000000	
0.001370000000000	
0.001350000000000	
0.001230000000000	
0.001340000000000	
0.001260000000000	
0.001290000000000	
0.001100000000000	
0.001330000000000	
0.001190000000000	
0.001260000000000	
0.001100000000000	
0.001330000000000	
0.001240000000000	
0.001370000000000	
0.001350000000000	
0.001230000000000	
0.001340000000000	
0.001260000000000	
0.001290000000000	
0.001100000000000	
0.001330000000000	
0.001190000000000	
0.001260000000000	
0.001100000000000	
0.001330000000000	
0.001240000000000	
0.001370000000000	
0.001350000000000	
0.001230000000000	
0.001340000000000	
0.001260000000000	
0.001290000000000	
0.001100000000000	
0.001330000000000	
0.001190000000000	
0.001260000000000	
0.001100000000000	
0.001330000000000	
0.001240000000000	
0.001370000000000	
0.001350000000000	
0.001230000000000	
0.001340000000000	
0.001260000000000	
0.001290000000000	
0.001100000000000	
0.001330000000000	
0.001190000000000	
0.001260000000000	
0.001100000000000	
0.001330000000000	
0.001240000000000	
0.001370000000000	
0.001350000000000	
0.001230000000000	
0.001340000000000	
0.001260000000000	
0.001290000000000	
0.001100000000000	
0.001330000000000	
0.001190000000000	
0.001260000000000	
0.001100000000000	
0.001330000000000	
0.001240000000000	
0.001370000000000	
0.001350000000000	
0.001230000000000	
0.001340000000000	
0.001260000000000	
0.001290000000000	
0.001100000000000	
0.001330000000000	
0.001190000000000	
0.001260000000000	
0.001100000000000	
0.001330000000000	
0.001240000000000	
0.001370000000000	
0.001350000000000	
0.001230000000000	
0.001340000000000	
0.001260000000000	
0.001290000000000	
0.001100000000000	
0.001330000000000	
0.001190000000000	
0.001260000000000	
0.001100000000000	
0.001330000000000	
0.001240000000000	
0.001370000000000	
0.001350000000000	
0.001230000000000	
0.001340000000000	
0.001260000000000	
0.001290000000000	
0.001100000000000	
0.001330000000000	
0.001190000000000	
0.001260000000000	
0.001100000000000	
0.001330000000000	
0.001240000000000	
0.001370000000000	
0.001350000000000	
0.001230000000000	
0.001340000000000	
0.001260000000000	
0.001290000000000	
0.001100000000000	
0.001330000000000	
0.001190000000000	
0.001260000000000	
0.001100000000000	
0.001330000000000	
0.001240000000000	
0.001370000000000	
0.001350000000000	
0.001230000000000	
0.001340000000000	
0.001260000000000	
0.001290000000000	
0.001100000000000	
0.001330000000000	
0.001190000000000	
0.001260000000000	
0.001100000000000	
0.001330000000000	
0.001240000000000	
0.001370000000000	
0.001350000000000	
0.001230000000000	
0.001340000000000	
0.001260000000000	
0.001290000000000	
0.001100000000000	
0.001330000000000	
0.001190000000000	
0.001260000000000	
0.001100000000000	
0.001330000000000	
0.001240000000000	
0.001370000000000	
0.001350000000000	
0.001230000000000	
0.001340000000000	
0.001260000000000	
0.001290000000000	
0.001100000000000	
0.001330000000000	
0.001190000000000	
0.001260000000000	
0.001100000000000	
0.001330000000000	
0.001240000000000	
0.001370000000000	
0.001350000000000	
0.001230000000000	
0.001340000000000	
0.001260000000000	
0.001290000000000	
0.001100000000000	
0.001330000000000	
0.001190000000000	
0.001260000000000	
0.001100000000000	
0.001330000000000	
0.001240000000000	
0.001370000000000	
0.001350000000000	
0.001230000000000	
0.001340000000000	
0.001260000000000	
0.001290000000000	
0.001100000000000	
0.001330000000000	
0.001190000000000	
0.001260000000000	
0.001100000000000	
0.001330000000000	
0.001240000000000	
0.001370000000000	
0.001350000000000	
0.001230000000000	
0.001340000000000	
0.001260000000000	
0.001290000000000	
0.001100000000000	
0.001330000000000	
0.001190000000000	
0.001260000000000	
0.001100000000000	
0.001330000000000	
0.001240000000000	
0.001370000000000	
0.001350000000000	
0.001230000000000	
0.001340000000000	
0.001260000000000	
0.001290000000000	
0.001100000000000	
0.001330000000000	
0.001190000000000	
0.001260000000000	
0.001100000000000	
0.001330000000000	
0.001240000000000	
0.001370000000000	
0.001350000000000	
0.001230000000000	
0.001340000000000	
0.001260000000000	
0.001290000000000	
0.001100000000000	
0.001330000000000	
0.001190000000000	
0.001260000000000	
0.001100000000000	
0.001330000000000	
0.001240000000000	
0.001370000000000	
0.001350000000000	
0.001230000000000	
0.001340000000000	
0.001260000000000	
0.001290000000000	
0.001100000000000	
0.001330000000000	
0.001190000000000	
0.001260000000000	
0.001100000000000	
0.001330000000000	
0.001240000000000	
0.001370000000000	
0.001350000000000	
0.001230000000000	
0.001340000000000	
0.001260000000000	
0.001290000000000	
0.001100000000000	
0.001330000000000	
0.001190000000000	
0.001260000000000	
0.001100000000000	
0.001330000000000	
0.001240000000000	
0.001370000000000	
0.001350000000000	
0.001230000000000	
0.001340000000000	
0.001260000000000	
0.001290000000000	
0.001100000000000	
0.001330000000000	
0.001190000000000	
0.001260000000000	
0.001100000000000	
0.001330000000000	
0.001240000000000	
0.001370000000000	
0.001350000000000	
0.001230000000000	
0.001340000000000	
0.001260000000000	
0.001290000000000	
0.001100000000000	
0.001330000000000	
0.001190000000000	
0.001260000000000	
0.001100000000000	
0.001330000000000	
0.001240000000000	
0.001370000000000	
0.001350000000000	
0.001230000000000	
0.001340000000000	
0.001260000000000	
0.001290000000000	
0.001100000000000	
0.001330000000000	
0.001190000000000	
0.001260000000000	
0.001100000000000	
0.001330000000000	
0.001240000000000	
0.001370000000000	
0.001350000000000	
0.001230000000000	
0.001340000000000	
0.001260000000000	
0.001290000000000	
0.001100000000000	
0.001330000000000	
0.001190000000000	
0.001260000000000	
0.001100000000000	
0.001330000000000	
0.001240000000000	
0.001370000000000	
0.001350000000000	
0.001230000000000	
0.001340000000000	
0.001260000000000	
0.001290000000000	
0.001100000000000	
0.001330000000000	
0.001190000000000	
0.001260000000000	
0.001100000000000	
0.001330000000000	
0.001240000000000	
0.001370000000000	
0.001350000000000	
0.001230000000000	
0.001340000000000	
0.001260000000000	
0.001290000000000	
0.001100000000000	
0.001330000000000	
0.001190000000000	
0.001260000000000	
0.001100000000000	
0.001330000000000	
0.001240000000000	
0.001370000000000	
0.001350000000000	
0.001230000000000	
0.001340000000000	
0.001260000000000	
0.001290000000000	
0.001100000000000	
0.001330000000000	
0.001190000000000	
0.001260000000000	
0.001100000000000	
0.001330000000000	
0.001240000000000	
0.001370000000000	
0.001350000000000	
0.001230000000000	
0.001340000000000	
0.001260000000000	
0.001290000000000	
0.001100000000000	
0.001330000000000	
0.001190000000000	
0.001260000000000	
0.001100000000000	
0.001330000000000	
0.001240000000000	
0.001370000000000	
0.001350000000000	
0.001230000000000	
0.001340000000000	
0.001260000000000	
0.001290000000000	
0.001100000000000	
0.001330000000000	
0.001190000000000	
0.001260000000000	
0.001100000000000	
0.001330000000000	
0.001240000000000	
0.228720000000000	
0.554920000000000	
0.506020000000000	
0.454380000000000	
0.407150000000000	
0.359240000000000	
0.314600000000000	
0.277980000000000	
0.246530000000000	
0.214380000000000	
0.187220000000000	
0.160340000000000	
0.136820000000000	
0.115940000000000	
0.094770000000000	
0.075480000000000	
0.059310000000000	
0.047330000000000	
0.038730000000000	
0.032100000000000	
0.026090000000000	
0.021770000000000	
0.017790000000000	
0.014530000000000	
0.011810000000000	
0.009620000000000	
0.008510000000000	
0.006700000000000	
0.005430000000000	
0.004380000000000	
0.004230000000000	
0.003560000000000	
0.002680000000000	
0.003200000000000	
0.002070000000000	
0.002120000000000	
0.001940000000000	
0.002120000000000	
0.001480000000000	
0.001740000000000	
0.002330000000000	
0.001550000000000	
0.001820000000000	
0.001440000000000	
0.001910000000000	
0.001480000000000	
0.002480000000000	
0.001310000000000	
0.001640000000000	
0.001720000000000	
0.001960000000000	
0.001410000000000	
0.001490000000000	
0.002310000000000	
0.001480000000000	
0.001770000000000	
0.001370000000000	
0.001930000000000	
0.001450000000000	
0.002450000000000	
0.001310000000000	
0.001660000000000	
0.001720000000000	
0.001940000000000	
0.001410000000000	
0.001490000000000	
0.002320000000000	
0.001470000000000	
0.001770000000000	
0.001370000000000	
0.001940000000000	
0.001450000000000	
0.002450000000000	
0.001310000000000	
0.001660000000000	
0.001720000000000	
0.001940000000000	
0.001410000000000	
0.001490000000000	
0.002320000000000	
0.001470000000000	
0.001770000000000	
0.001370000000000	
0.001940000000000	
0.001450000000000	
0.002450000000000	
0.001310000000000	
0.001660000000000	
0.001720000000000	
0.001940000000000	
0.001410000000000	
0.001490000000000	
0.002320000000000	
0.001470000000000	
0.001770000000000	
0.001370000000000	
0.001940000000000	
0.001450000000000	
0.002450000000000	
0.001310000000000	
0.001660000000000	
0.001720000000000	
0.001940000000000	
0.001410000000000	
0.001490000000000	
0.002320000000000	
0.001470000000000	
0.001770000000000	
0.001370000000000	
0.001940000000000	
0.001450000000000	
0.002450000000000	
0.001310000000000	
0.001660000000000	
0.001720000000000	
0.001940000000000	
0.001410000000000	
0.001490000000000	
0.002320000000000	
0.001470000000000	
0.001770000000000	
0.001370000000000	
0.001940000000000	
0.001450000000000	
0.002450000000000	
0.001310000000000	
0.001660000000000	
0.001720000000000	
0.001940000000000	
0.001410000000000	
0.001490000000000	
0.002320000000000	
0.001470000000000	
0.001770000000000	
0.001370000000000	
0.001940000000000	
0.001450000000000	
0.002450000000000	
0.001310000000000	
0.001660000000000	
0.001720000000000	
0.001940000000000	
0.001410000000000	
0.001490000000000	
0.002320000000000	
0.001470000000000	
0.001770000000000	
0.001370000000000	
0.001940000000000	
0.001450000000000	
0.002450000000000	
0.001310000000000	
0.001660000000000	
0.001720000000000	
0.001940000000000	
0.001410000000000	
0.001490000000000	
0.002320000000000	
0.001470000000000	
0.001770000000000	
0.001370000000000	
0.001940000000000	
0.001450000000000	
0.002450000000000	
0.001310000000000	
0.001660000000000	
0.001720000000000	
0.001940000000000	
0.001410000000000	
0.001490000000000	
0.002320000000000	
0.001470000000000	
0.001770000000000	
0.001370000000000	
0.001940000000000	
0.001450000000000	
0.002450000000000	
0.001310000000000	
0.001660000000000	
0.001720000000000	
0.001940000000000	
0.001410000000000	
0.001490000000000	
0.002320000000000	
0.001470000000000	
0.001770000000000	
0.001370000000000	
0.001940000000000	
0.001450000000000	
0.002450000000000	
0.001310000000000	
0.001660000000000	
0.001720000000000	
0.001940000000000	
0.001410000000000	
0.001490000000000	
0.002320000000000	
0.001470000000000	
0.001770000000000	
0.001370000000000	
0.001940000000000	
0.001450000000000	
0.002450000000000	
0.001310000000000	
0.001660000000000	
0.001720000000000	
0.001940000000000	
0.001410000000000	
0.001490000000000	
0.002320000000000	
0.001470000000000	
0.001770000000000	
0.001370000000000	
0.001940000000000	
0.001450000000000	
0.002450000000000	
0.001310000000000	
0.001660000000000	
0.001720000000000	
0.001940000000000	
0.001410000000000	
0.001490000000000	
0.002320000000000	
0.001470000000000	
0.001770000000000	
0.001370000000000	
0.001940000000000	
0.001450000000000	
0.002450000000000	
0.001310000000000	
0.001660000000000	
0.001720000000000	
0.001940000000000	
0.001410000000000	
0.001490000000000	
0.002320000000000	
0.001470000000000	
0.001770000000000	
0.001370000000000	
0.001940000000000	
0.001450000000000	
0.002450000000000	
0.001310000000000	
0.001660000000000	
0.001720000000000	
0.001940000000000	
0.001410000000000	
0.001490000000000	
0.002320000000000	
0.001470000000000	
0.001770000000000	
0.001370000000000	
0.001940000000000	
0.001450000000000	
0.002450000000000	
0.001310000000000	
0.001660000000000	
0.001720000000000	
0.001940000000000	
0.001410000000000	
0.001490000000000	
0.002320000000000	
0.001470000000000	
0.001770000000000	
0.001370000000000	
0.001940000000000	
0.001450000000000	
0.002450000000000	
0.001310000000000	
0.001660000000000	
0.001720000000000	
0.001940000000000	
0.001410000000000	
0.001490000000000	
0.002320000000000	
0.001470000000000	
0.001770000000000	
0.001370000000000	
0.001940000000000	
0.001450000000000	
0.002450000000000	
0.001310000000000	
0.001660000000000	
0.001720000000000	
0.001940000000000	
0.001410000000000	
0.001490000000000	
0.002320000000000	
0.001470000000000	
0.001770000000000	
0.001370000000000	
0.001940000000000	
0.001450000000000	
0.002450000000000	
0.001310000000000	
0.001660000000000	
0.001720000000000	
0.001940000000000	
0.001410000000000	
0.001490000000000	
0.002320000000000	
0.001470000000000	
0.001770000000000	
0.001370000000000	
0.001940000000000	
0.001450000000000	
0.002450000000000	
0.001310000000000	
0.001660000000000	
0.001720000000000	
0.001940000000000	
0.001410000000000	
0.001490000000000	
0.002320000000000	
0.001470000000000	
0.001770000000000	
0.001370000000000	
0.001940000000000	
0.001450000000000	
0.002450000000000	
0.001310000000000	
0.001660000000000	
0.001720000000000	
0.001940000000000	
0.001410000000000	
0.001490000000000	
0.002320000000000	
0.001470000000000	
0.001770000000000	
0.001370000000000	
0.001940000000000	
0.001450000000000	
0.002450000000000	
0.001310000000000	
0.001660000000000	
0.001720000000000	
0.001940000000000	
0.001410000000000	
0.001490000000000	
0.002320000000000	
0.001470000000000	
0.001770000000000	
0.001370000000000	
0.001940000000000	
0.001450000000000	
0.002450000000000	
0.001310000000000	
0.001660000000000	
0.001720000000000	
0.001940000000000	
0.001410000000000	
0.001490000000000	
0.002320000000000	
0.001470000000000	
0.001770000000000	
0.001370000000000	
0.001940000000000	
0.001450000000000	
0.002450000000000	
0.001310000000000	
0.001660000000000	
0.001720000000000	
0.001940000000000	
0.001410000000000	
0.001490000000000	
0.002320000000000	
0.001470000000000	
0.001770000000000	
0.001370000000000	
0.001940000000000	
0.001450000000000	
0.002450000000000	
0.001310000000000	
0.001660000000000	
0.001720000000000	
0.001940000000000	
0.001410000000000	
0.001490000000000	
0.002320000000000	
0.001470000000000	
0.001770000000000	
0.001370000000000	
0.001940000000000	
0.001450000000000	
0.002450000000000	
0.001310000000000	
0.001660000000000	
0.001720000000000	
0.001940000000000	
0.001410000000000	
0.001490000000000	
0.002320000000000	
0.001470000000000	
0.001770000000000	
0.001370000000000	
0.001940000000000	
0.001450000000000	
0.002450000000000	
0.001310000000000	
0.001660000000000	
0.001720000000000	
0.001940000000000	
0.001410000000000	
0.001490000000000	
0.002320000000000	
0.001470000000000	
0.001770000000000	
0.001370000000000	
0.001940000000000	
0.001450000000000	
0.002450000000000	
0.001310000000000	
0.001660000000000	
0.001720000000000	
0.001940000000000	
0.001410000000000	
0.001490000000000	
0.002320000000000	
0.001470000000000	
0.001770000000000	
0.001370000000000	
0.001940000000000	
0.001450000000000	
0.002450000000000	
0.001310000000000	
0.001660000000000	
0.001720000000000	
0.001940000000000	
0.001410000000000	
0.001490000000000	
0.002320000000000	
0.001470000000000	
0.001770000000000	
0.001370000000000	
0.001940000000000	
0.001450000000000	
0.002450000000000	
0.001310000000000	
0.001660000000000	
0.001720000000000	
0.001940000000000	
0.001410000000000	
0.001490000000000	
0.002320000000000	
0.001470000000000	
0.001770000000000	
0.001370000000000	
0.001940000000000	
0.001450000000000	
0.002450000000000	
0.001310000000000	
0.001660000000000	
0.001720000000000	
0.001940000000000	
0.001410000000000	
0.001490000000000	
0.002320000000000	
0.001470000000000	
0.001770000000000	
0.001370000000000	
0.001940000000000	
0.001450000000000	
0.002450000000000	
0.001310000000000	
0.001660000000000	
0.001720000000000	
0.001940000000000	
0.001410000000000	
0.001490000000000	
0.002320000000000	
0.001470000000000	
0.001770000000000	
0.001370000000000	
0.001940000000000	
0.001450000000000	
0.002450000000000	
0.001310000000000	
0.001660000000000	
0.001720000000000	
0.001940000000000	
0.001410000000000	
0.001490000000000	
0.002320000000000	
0.001470000000000	
0.001770000000000	
0.001370000000000	
0.001940000000000	
0.001450000000000	
0.002450000000000	
0.001310000000000	
0.001660000000000	
0.001720000000000	
0.001940000000000	
0.001410000000000	
0.001490000000000	
0.002320000000000	
0.001470000000000	
0.001770000000000	
0.001370000000000	
0.001940000000000	
0.001450000000000	
0.002450000000000	
0.001310000000000	
0.001660000000000	
0.001720000000000	
0.001940000000000	
0.001410000000000	
0.001490000000000	
0.002320000000000	
0.001470000000000	
0.001770000000000	
0.001370000000000	
0.001940000000000	
0.001450000000000	
0.002450000000000	
0.001310000000000	
0.001660000000000	
0.001720000000000	
0.001940000000000	
0.001410000000000	
0.001490000000000	
0.002320000000000	
0.001470000000000	
0.001770000000000	
0.001370000000000	
0.001940000000000	
0.001450000000000	
0.002450000000000	
0.001310000000000	
0.001660000000000	
0.001720000000000	
0.001940000000000	
0.001410000000000	
0.001490000000000	
0.002320000000000	
0.001470000000000	
0.001770000000000	
0.001370000000000	
0.001940000000000	
0.001450000000000	
0.002450000000000	
0.001310000000000	
0.001660000000000	
0.001720000000000	
0.001940000000000	
0.001410000000000	
0.001490000000000	
0.002320000000000	
0.001470000000000	
0.001770000000000	
0.001370000000000	
0.001940000000000	
0.001450000000000	
0.002450000000000	
0.001310000000000	
0.001660000000000	
0.001720000000000	
0.001940000000000	
0.001410000000000	
0.001490000000000	
0.002320000000000	
0.001470000000000	
0.001770000000000	
0.001370000000000	
0.001940000000000	
0.001450000000000	
0.002450000000000	
0.001310000000000	
0.001660000000000	
0.001720000000000	
0.001940000000000	
0.001410000000000	
0.001490000000000	
0.002320000000000	
0.001470000000000	
0.001770000000000	
0.001370000000000	
0.001940000000000	
0.001450000000000	
0.002450000000000	
0.001310000000000	
0.001660000000000	
0.001720000000000	
0.001940000000000	
0.001410000000000	
0.001490000000000	
0.002320000000000	
0.001470000000000	
0.001770000000000	
0.001370000000000	
0.001940000000000	
0.001450000000000	
0.002450000000000	
0.001310000000000	
0.001660000000000	
0.001720000000000	
0.001940000000000	
0.001410000000000	
0.001490000000000	
0.002320000000000	
0.001470000000000	
0.001770000000000	
0.001370000000000	
0.001940000000000	
0.001450000000000	
0.002450000000000	
0.001310000000000	
0.001660000000000	
0.001720000000000	
0.001940000000000	
0.001410000000000	
0.001490000000000	
0.002320000000000	
0.001470000000000	
0.001770000000000	
0.001370000000000	
0.001940000000000	
0.001450000000000	
0.002450000000000	
0.001310000000000	
0.001660000000000	
0.001720000000000	
0.001940000000000	
0.001410000000000	
0.001490000000000	
0.002320000000000	
0.001470000000000	
0.001770000000000	
0.001370000000000	
0.001940000000000	
0.001450000000000	
0.002450000000000	
0.001310000000000	
0.001660000000000	
0.001720000000000	
0.001940000000000	
0.001410000000000	
0.001490000000000	
0.002320000000000	
0.001470000000000	
0.001770000000000	
0.001370000000000	
0.001940000000000	
0.001450000000000	
0.002450000000000	
0.001310000000000	
0.001660000000000	
0.001720000000000	
0.001940000000000	
0.001410000000000	
