0.50990099	0.49009901	0.50000000	0.50000000	0.50742574	0.50000000	0.49009901	0.50000000	
0.51951172	0.48048828	0.50000000	0.50000000	0.51463379	0.50000000	0.48048828	0.50000000	
0.52420033	0.47579967	0.49999999	0.49999999	0.51815025	0.50000002	0.47579969	0.50000002	
0.52574286	0.48077390	0.49658819	0.49658819	0.51930715	0.50258419	0.47425714	0.49658819	
0.52651035	0.48324882	0.49237593	0.49747565	0.51988277	0.50578086	0.47348963	0.49237590	
0.52696963	0.48472982	0.48789254	0.50004043	0.52022721	0.50561023	0.47303037	0.49143178	
0.52554267	0.48411942	0.48833103	0.50172435	0.51874625	0.50549823	0.47407060	0.49081192	
0.52586869	0.48232497	0.48864096	0.50291466	0.51623846	0.50541903	0.47587862	0.49037373	
0.52727593	0.47980980	0.48887165	0.50380058	0.51525338	0.50536009	0.47604784	0.49004761	
0.52835748	0.48006187	0.48794446	0.50334518	0.51449628	0.50617206	0.47617791	0.48868820	
0.52921460	0.48026164	0.48621877	0.50399434	0.51389624	0.50756693	0.47628099	0.48661887	
0.52991060	0.48042386	0.48392742	0.50543393	0.51340904	0.50775745	0.47636469	0.48564952	
0.52961498	0.47976831	0.48373145	0.50661901	0.51216240	0.50791435	0.47711063	0.48485156	
0.53008078	0.47849136	0.48356733	0.50761156	0.51034105	0.50804570	0.47830493	0.48418323	
0.53113671	0.47673591	0.48342790	0.50845493	0.50929994	0.50815732	0.47864406	0.48361535	
0.53204169	0.47654448	0.48265342	0.50849079	0.50840770	0.50877075	0.47893471	0.48247262	
0.53282588	0.47637858	0.48137026	0.50914557	0.50763454	0.50976375	0.47918656	0.48087079	
0.53351192	0.47623346	0.47967680	0.51030230	0.50695816	0.51002162	0.47940692	0.47993076	
0.53353161	0.47558352	0.47931504	0.51131879	0.50580637	0.51024820	0.48005509	0.47910466	
0.53403341	0.47451391	0.47899466	0.51221904	0.50426080	0.51044890	0.48101352	0.47837303	
0.53493944	0.47309396	0.47870894	0.51302190	0.50323943	0.51062786	0.48139261	0.47772058	
0.53656675	0.47237336	0.47689589	0.51390430	0.50170652	0.51171532	0.48179440	0.47551429	
0.53772242	0.47212525	0.47462006	0.51526934	0.49981852	0.51315284	0.48266822	0.47285108	
0.53886912	0.47089099	0.47237216	0.51762980	0.49794522	0.51368332	0.48353525	0.47109162	
0.53947321	0.46920221	0.47163971	0.51947551	0.49559630	0.51383713	0.48480501	0.46982878	
0.54052554	0.46706830	0.47139179	0.52081741	0.49278325	0.51451004	0.48641958	0.46817109	
0.54255204	0.46495939	0.47013204	0.52214825	0.49085214	0.51517741	0.48714484	0.46652705	
0.54410550	0.46431848	0.46840737	0.52293746	0.48942605	0.51622948	0.48749939	0.46442531	
0.54519503	0.46414179	0.46622786	0.52420081	0.48763540	0.51762397	0.48833237	0.46187702	
0.54627609	0.46297765	0.46407507	0.52646008	0.48585871	0.51810661	0.48915889	0.46022719	
0.54680738	0.46136588	0.46342708	0.52821508	0.48361714	0.51822169	0.49038814	0.45906132	
0.54778078	0.45931556	0.46325415	0.52947634	0.48092184	0.51886026	0.49195523	0.45749287	
0.54972998	0.45728930	0.46206955	0.53072723	0.47910464	0.51949357	0.49262716	0.45593730	
0.55121368	0.45672365	0.46042782	0.53142893	0.47777996	0.52051221	0.49293666	0.45393425	
0.55224076	0.45661442	0.45833873	0.53259686	0.47608177	0.52186592	0.49373064	0.45149448	
0.55325984	0.45551649	0.45627520	0.53476115	0.47439681	0.52230328	0.49451844	0.44994812	
0.55372240	0.45397741	0.45570653	0.53643100	0.47225718	0.52238169	0.49570895	0.44887381	
0.55462126	0.45200602	0.45560399	0.53761657	0.46967365	0.52298773	0.49723069	0.44738956	
0.55649746	0.45005779	0.45448994	0.53879241	0.46796457	0.52358882	0.49785178	0.44591755	
0.55791532	0.44956321	0.45292609	0.53941198	0.46673621	0.52457575	0.49811817	0.44400770	
0.55888344	0.44951763	0.45092186	0.54049030	0.46512579	0.52589093	0.49887494	0.44167042	
0.55984401	0.44848221	0.44894217	0.54256543	0.46352788	0.52628536	0.49962578	0.44022174	
0.56024166	0.44701178	0.44844791	0.54415532	0.46148508	0.52632900	0.50077934	0.43923389	
0.56107015	0.44511490	0.44841148	0.54526984	0.45900768	0.52690427	0.50225775	0.43782921	
0.56287745	0.44324036	0.44736364	0.54637520	0.45740124	0.52747480	0.50283028	0.43643604	
0.56423314	0.44281286	0.44587294	0.54691768	0.45626426	0.52843175	0.50305556	0.43461420	
0.56514561	0.44282738	0.44394842	0.54791187	0.45473713	0.52971038	0.50377678	0.43237370	
0.56605093	0.44185096	0.44204740	0.54990325	0.45322192	0.53006418	0.50449234	0.43101731	
0.56638734	0.44044531	0.44162305	0.55141808	0.45127099	0.53007490	0.50561058	0.43011111	
0.56714940	0.43861879	0.44164869	0.55246586	0.44889436	0.53062098	0.50704764	0.42878154	
0.56889168	0.43681377	0.44066306	0.55350504	0.44738531	0.53116258	0.50757382	0.42746289	
0.57018868	0.43644959	0.43924099	0.55397510	0.44633511	0.53209115	0.50775988	0.42572421	
0.57104859	0.43652085	0.43739134	0.55489029	0.44488704	0.53333516	0.50844714	0.42357514	
0.57190178	0.43560011	0.43556422	0.55680304	0.44345030	0.53365043	0.50912905	0.42230589	
0.57218039	0.43425563	0.43520552	0.55824737	0.44158655	0.53362994	0.51021355	0.42147680	
0.57287977	0.43249549	0.43528945	0.55923247	0.43930553	0.53414837	0.51161113	0.42021822	
0.57456066	0.43075608	0.43436222	0.56020950	0.43788896	0.53466259	0.51209312	0.41896997	
0.57580229	0.43045165	0.43300466	0.56061154	0.43692107	0.53556425	0.51224174	0.41730983	
0.57661264	0.43057645	0.43122529	0.56145254	0.43554801	0.53677548	0.51289664	0.41524716	
0.57741663	0.42970826	0.42946762	0.56329142	0.43418570	0.53705425	0.51354638	0.41406027	
0.57764068	0.42842147	0.42917056	0.56466953	0.43240473	0.53700418	0.51459870	0.41330402	
0.57828092	0.42672399	0.42930925	0.56559575	0.43021447	0.53749644	0.51595860	0.41211255	
0.57990387	0.42504651	0.42843690	0.56651443	0.42888561	0.53798464	0.51639841	0.41093076	
0.58109326	0.42479846	0.42713990	0.56685258	0.42799581	0.53886084	0.51651129	0.40934487	
0.58185682	0.42497376	0.42542659	0.56762387	0.42669395	0.54004098	0.51713529	0.40736383	
0.58261439	0.42415517	0.42373411	0.56939334	0.42540232	0.54028515	0.51775438	0.40625477	
0.58278697	0.42292283	0.42349499	0.57070925	0.42369988	0.54020707	0.51877599	0.40556739	
0.58337140	0.42128444	0.42368514	0.57158018	0.42159569	0.54067446	0.52009994	0.40443925	
0.58493971	0.41966538	0.42286432	0.57244401	0.42035004	0.54113808	0.52049950	0.40332033	
0.58607980	0.41947052	0.42162424	0.57272214	0.41953435	0.54199011	0.52057833	0.40180461	
0.58679923	0.41969348	0.41997296	0.57342793	0.41830004	0.54314085	0.52117283	0.39990075	
0.58751301	0.41892168	0.41834175	0.57513222	0.41707543	0.54335215	0.52176267	0.39886522	
0.58763702	0.41774071	0.41815704	0.57638968	0.41544748	0.54324750	0.52275496	0.39824287	
0.58816881	0.41615808	0.41839551	0.57720863	0.41342503	0.54369138	0.52404462	0.39717469	
0.58968555	0.41459413	0.41762315	0.57802094	0.41225831	0.54413166	0.52440584	0.39611519	
0.59077915	0.41444945	0.41643653	0.57824267	0.41151290	0.54496081	0.52445214	0.39466577	
0.59145694	0.41471738	0.41484355	0.57888692	0.41034267	0.54608361	0.52501854	0.39283486	
0.59212941	0.41398969	0.41326991	0.58052996	0.40918165	0.54626381	0.52558048	0.39186884	
0.59220761	0.41285716	0.41313636	0.58173250	0.40762438	0.54613399	0.52654479	0.39130800	
0.59268973	0.41132713	0.41342023	0.58250264	0.40567942	0.54655555	0.52780174	0.39029643	
0.59415785	0.40981518	0.41269337	0.58326651	0.40458760	0.54697368	0.52812635	0.38929311	
0.59520759	0.40971785	0.41155703	0.58343524	0.40390886	0.54778115	0.52814168	0.38790643	
0.59584612	0.41002815	0.41001881	0.58402168	0.40279940	0.54887748	0.52868126	0.38614449	
0.59647961	0.40934209	0.40849930	0.58560716	0.40169868	0.54902818	0.52921658	0.38524417	
0.59651460	0.40825527	0.40841377	0.58675808	0.40020848	0.54887444	0.53015423	0.38474150	
0.59694990	0.40677483	0.40874035	0.58748234	0.39833702	0.54927484	0.53137995	0.38378347	
0.59837214	0.40531193	0.40805624	0.58820070	0.39731626	0.54967203	0.53166967	0.38283325	
0.59938051	0.40525922	0.40696712	0.58831961	0.39670069	0.55045894	0.53165547	0.38150582	
0.59998200	0.40560952	0.40548040	0.58885172	0.39564891	0.55153019	0.53216947	0.37980914	
0.60057877	0.40496273	0.40401173	0.59038308	0.39460538	0.55165286	0.53267940	0.37897097	
0.60057300	0.40391901	0.40397139	0.59148549	0.39317878	0.55147648	0.53359160	0.37852326	
0.60096413	0.40248536	0.40433806	0.59216663	0.39137707	0.55185681	0.53478756	0.37761586	
0.60234311	0.40106869	0.40369417	0.59284221	0.39042364	0.55223408	0.53504406	0.37671586	
0.60331246	0.40105808	0.40264945	0.59291433	0.38986805	0.55300154	0.53500168	0.37544454	
0.60387904	0.40144608	0.40121112	0.59339533	0.38887092	0.55404898	0.53549127	0.37380953	
0.60444114	0.40083632	0.39979023	0.59487587	0.38788166	0.55414508	0.53597703	0.37303013	
0.60439695	0.39983323	0.39979233	0.59593267	0.38651535	0.55394719	0.53686496	0.37263438	
0.60474641	0.39844371	0.40019673	0.59657326	0.38477978	0.55430852	0.53803255	0.37177489	
0.60608463	0.39707064	0.39959062	0.59720865	0.38389023	0.55466690	0.53825734	0.37092238	
0.60701717	0.39709974	0.39858760	0.59723677	0.38339151	0.55541585	0.53818812	0.36970408	
0.60755083	0.39752329	0.39719477	0.59766976	0.38244619	0.55644075	0.53865447	0.36812740	
0.60808024	0.39694843	0.39581882	0.59910249	0.38150840	0.55651165	0.53911718	0.36740359	
0.60799982	0.39598366	0.39586084	0.60011643	0.38019930	0.55629339	0.53998195	0.36705701	
0.60831003	0.39463574	0.39630067	0.60071889	0.37852643	0.55663667	0.54112248	0.36624282	
0.60960978	0.39330379	0.39573009	0.60131649	0.37769742	0.55697715	0.54131707	0.36543522	
0.61050764	0.39337030	0.39476631	0.60130324	0.37725261	0.55770858	0.54122225	0.36426711	
0.61101023	0.39382738	0.39341623	0.60169111	0.37635648	0.55871205	0.54166646	0.36274565	
0.61150886	0.39328545	0.39208252	0.60307888	0.37546746	0.55875907	0.54210714	0.36207440	
0.61139429	0.39235681	0.39216205	0.60405253	0.37421259	0.55852144	0.54294989	0.36177431	
0.61166743	0.39104809	0.39263520	0.60461918	0.37259922	0.55884760	0.54406461	0.36100298	
0.61293093	0.38975491	0.39209801	0.60518123	0.37182765	0.55917111	0.54423042	0.36023790	
0.61379610	0.38985672	0.39117112	0.60512910	0.37143391	0.55988591	0.54411119	0.35911724	
0.61426942	0.39034540	0.38986126	0.60547450	0.37058441	0.56086910	0.54453428	0.35764800	
0.61473898	0.38983448	0.38856726	0.60682005	0.36974165	0.56089339	0.54495402	0.35702650	
0.61459222	0.38893992	0.38868207	0.60775580	0.36853820	0.56063741	0.54577571	0.35677038	
0.61483047	0.38766817	0.38918655	0.60828875	0.36698122	0.56094733	0.54686586	0.35603962	
0.61605979	0.38641152	0.38868076	0.60881741	0.36626410	0.56125470	0.54700420	0.35531472	
0.61689413	0.38654659	0.38778853	0.60872869	0.36591881	0.56195377	0.54686177	0.35423898	
0.61733984	0.38706508	0.38651649	0.60903420	0.36511351	0.56291767	0.54726472	0.35281917	
0.61778204	0.38658340	0.38525981	0.61034001	0.36431458	0.56292046	0.54766450	0.35224468	
0.61760490	0.38572095	0.38540780	0.61124012	0.36315993	0.56264705	0.54846615	0.35203024	
0.61781025	0.38448406	0.38594174	0.61174141	0.36165643	0.56294155	0.54953287	0.35133780	
0.61900735	0.38326187	0.38546549	0.61223865	0.36099092	0.56323363	0.54964507	0.35065098	
0.61981262	0.38342830	0.38460587	0.61211555	0.36069156	0.56391774	0.54948049	0.34961773	
0.62023233	0.38397485	0.38336937	0.61238355	0.35992816	0.56486339	0.54986428	0.34824468	
0.62064871	0.38352074	0.38214782	0.61365200	0.35917080	0.56484570	0.55024502	0.34771473	
0.62044297	0.38268857	0.38232700	0.61451861	0.35806236	0.56455576	0.55102754	0.34753964	
0.62061730	0.38148453	0.38288863	0.61499012	0.35660958	0.56483564	0.55207194	0.34688353	
0.62178403	0.38029480	0.38244013	0.61545779	0.35599300	0.56511325	0.55215924	0.34623271	
0.62256190	0.38049078	0.38161118	0.61530237	0.35573718	0.56578314	0.55197355	0.34523966	
0.62295709	0.38106382	0.38040812	0.61553509	0.35501348	0.56671143	0.55233906	0.34391085	
0.62334916	0.38063570	0.37921959	0.61676839	0.35429554	0.56667437	0.55270166	0.34342304	
0.62311645	0.37983205	0.37942809	0.61760351	0.35323093	0.56636873	0.55346602	0.34328523	
0.62326152	0.37865898	0.38001578	0.61804701	0.35182621	0.56663471	0.55448911	0.34266345	
0.62439964	0.37749985	0.37959340	0.61848689	0.35125601	0.56689855	0.55455270	0.34204672	
0.62515169	0.37772368	0.37879328	0.61830107	0.35104145	0.56755499	0.55434692	0.34109173	
0.62552378	0.37832168	0.37762166	0.61850059	0.35035544	0.56846681	0.55469498	0.33980484	
0.62589291	0.37791805	0.37646419	0.61970085	0.34967486	0.56841132	0.55504033	0.33935690	
0.62563478	0.37714127	0.37670028	0.62050633	0.34865178	0.56809083	0.55578732	0.33925435	
0.62575231	0.37599739	0.37731247	0.62092350	0.34729264	0.56834361	0.55679015	0.33866508	
0.62686344	0.37486710	0.37691465	0.62133726	0.34676640	0.56859437	0.55683113	0.33808060	
0.62759119	0.37511720	0.37614165	0.62112281	0.34659093	0.56923803	0.55660618	0.33716164	
0.62794148	0.37573869	0.37499960	0.62129114	0.34594063	0.57013425	0.55693770	0.33591439	
0.62828900	0.37535815	0.37387134	0.62246031	0.34529548	0.57006128	0.55726657	0.33550423	
0.62800694	0.37460673	0.37413338	0.62323794	0.34431178	0.56972660	0.55799701	0.33543505	
0.62809851	0.37349033	0.37476862	0.62363031	0.34299584	0.56996691	0.55898054	0.33487658	
0.62918420	0.37238724	0.37439390	0.62401950	0.34251129	0.57020528	0.55899998	0.33432264	
0.62988901	0.37266205	0.37364641	0.62377816	0.34237288	0.57083681	0.55875681	0.33343778	
0.63021878	0.37330572	0.37253217	0.62391713	0.34175642	0.57171819	0.55907252	0.33222806	
0.63054594	0.37294692	0.37143138	0.62505707	0.34114481	0.57162864	0.55938572	0.33185361	
0.63024130	0.37221938	0.37171782	0.62580849	0.34019847	0.57128055	0.56010041	0.33181603	
0.63030839	0.37112889	0.37237473	0.62617754	0.33892348	0.57150896	0.56106553	0.33128671	
0.63137015	0.37005142	0.37202174	0.62654361	0.33847840	0.57173554	0.56106447	0.33076166	
0.63205334	0.37034955	0.37129825	0.62627697	0.33837515	0.57235561	0.56080395	0.32990910	
0.63236376	0.37101409	0.37021016	0.62638833	0.33779074	0.57322289	0.56110460	0.32873491	
0.63267175	0.37067578	0.36913522	0.62750078	0.33721097	0.57311757	0.56140285	0.32839428	
0.63234583	0.36997075	0.36944462	0.62822753	0.33630001	0.57275675	0.56210253	0.32838662	
0.63238988	0.36890470	0.37012193	0.62857467	0.33506383	0.57297389	0.56305013	0.32788488	
0.63342903	0.36785135	0.36978938	0.62891900	0.33465622	0.57318928	0.56302957	0.32738719	
0.63409186	0.36817144	0.36908845	0.62862856	0.33458623	0.57379843	0.56275248	0.32656521	
0.63438410	0.36885566	0.36802497	0.62871392	0.33403223	0.57465238	0.56303880	0.32542468	
0.63467399	0.36853669	0.36697434	0.62980051	0.33348261	0.57453204	0.56332283	0.32511608	
0.63432802	0.36785282	0.36730534	0.63050408	0.33260519	0.57415912	0.56400822	0.32513673	
0.63435033	0.36680979	0.36800183	0.63083059	0.33140584	0.57436557	0.56493911	0.32466112	
0.63536823	0.36577918	0.36768851	0.63115446	0.33103367	0.57457036	0.56489995	0.32418932	
0.63601190	0.36611999	0.36700880	0.63084161	0.33099525	0.57516913	0.56460711	0.32339629	
0.63628694	0.36682275	0.36596849	0.63090255	0.33047004	0.57601041	0.56487977	0.32228762	
0.63655979	0.36652196	0.36494072	0.63196483	0.32994905	0.57587585	0.56515026	0.32200935	
0.63619493	0.36585809	0.36529204	0.63264656	0.32910341	0.57549145	0.56582205	0.32205680	
0.63619678	0.36483674	0.36600656	0.63295367	0.32793891	0.57568774	0.56673703	0.32160591	
0.63719463	0.36382756	0.36571132	0.63325831	0.32760039	0.57588245	0.56668017	0.32115866	
0.63782022	0.36418785	0.36505160	0.63292439	0.32759189	0.57647139	0.56637233	0.32039305	
0.63807909	0.36490806	0.36403307	0.63296234	0.32709398	0.57730062	0.56663198	0.31931457	
0.63833589	0.36462442	0.36302682	0.63400172	0.32660004	0.57715258	0.56688954	0.31906497	
0.63795325	0.36397938	0.36339724	0.63466293	0.32578454	0.57675725	0.56754837	0.31913781	
0.63793580	0.36297846	0.36412875	0.63495178	0.32465312	0.57694390	0.56844821	0.31871035	
0.63891479	0.36198948	0.36385052	0.63523830	0.32434644	0.57712902	0.56837446	0.31828632	
0.63952334	0.36236815	0.36320960	0.63488458	0.32436626	0.57770864	0.56805236	0.31754666	
0.63976695	0.36310481	0.36221157	0.63490091	0.32389425	0.57852644	0.56829963	0.31649677	
0.64000864	0.36283733	0.36122555	0.63591874	0.32342599	0.57836558	0.56854493	0.31627438	
0.63960923	0.36221003	0.36161394	0.63656062	0.32263906	0.57795988	0.56919141	0.31637126	
0.63957363	0.36122834	0.36236141	0.63683231	0.32153898	0.57813737	0.57007681	0.31596596	
0.64053482	0.36025837	0.36209921	0.63710181	0.32126251	0.57831341	0.56998702	0.31556394	
0.64112732	0.36065434	0.36147597	0.63672945	0.32130917	0.57888414	0.56965131	0.31484888	
0.64135658	0.36140651	0.36049720	0.63672540	0.32086169	0.57969111	0.56988680	0.31382604	
0.64158402	0.36115425	0.35953023	0.63772297	0.32041777	0.57951806	0.57012039	0.31362940	
0.64116882	0.36054365	0.35993555	0.63834671	0.31965789	0.57910252	0.57075509	0.31374903	
0.64111609	0.35958010	0.36069806	0.63860223	0.31858750	0.57927131	0.57162676	0.31336477	
0.64206052	0.35862805	0.36045092	0.63885570	0.31833965	0.57943872	0.57152169	0.31298358	
0.64263790	0.35904034	0.35984431	0.63846580	0.31841176	0.58000103	0.57117304	0.31229178	
0.64285364	0.35980713	0.35888369	0.63844260	0.31798749	0.58079767	0.57139728	0.31129459	
0.64306767	0.35956918	0.35793463	0.63942112	0.31756665	0.58061309	0.57161974	0.31112234	
0.64263758	0.35897432	0.35835588	0.64002774	0.31683242	0.58018822	0.57224323	0.31126351	
0.64256873	0.35802784	0.35913253	0.64026807	0.31579018	0.58034871	0.57310181	0.31089915	
0.64349736	0.35709268	0.35889955	0.64050646	0.31556944	0.58050795	0.57298220	0.31053769	
0.64406052	0.35752033	0.35830858	0.64010004	0.31566566	0.58106226	0.57262122	0.30986797	
0.64426352	0.35830087	0.35736504	0.64005884	0.31526345	0.58184912	0.57283476	0.30889506	
0.64446490	0.35807643	0.35643285	0.64101941	0.31486443	0.58165352	0.57304662	0.30874588	
0.64402080	0.35749639	0.35686907	0.64160995	0.31415453	0.58121979	0.57365947	0.30890750	
0.64393674	0.35656602	0.35765901	0.64183596	0.31313898	0.58137246	0.57450559	0.30856198	
0.64485051	0.35564674	0.35743936	0.64206017	0.31294393	0.58152392	0.57437214	0.30821922	
0.64540026	0.35608888	0.35686314	0.64163823	0.31306300	0.58207061	0.57399939	0.30757038	
0.64559125	0.35688237	0.35593565	0.64158007	0.31268166	0.58284818	0.57420278	0.30662047	
0.64578073	0.35667067	0.35501933	0.64252376	0.31230337	0.58264215	0.57440453	0.30649319	
0.64532342	0.35610458	0.35546963	0.64309915	0.31161651	0.58219998	0.57500721	0.30667416	
0.64522507	0.35518936	0.35627210	0.64331172	0.31062621	0.58234519	0.57584148	0.30634646	
0.64612482	0.35428508	0.35606501	0.64352256	0.31045555	0.58248926	0.57569484	0.30602143	
0.64666192	0.35474084	0.35550265	0.64308600	0.31059624	0.58302876	0.57531092	0.30539237	
0.64684161	0.35554654	0.35459027	0.64301190	0.31023469	0.58379750	0.57550461	0.30446425	
0.64701985	0.35534682	0.35368888	0.64393972	0.30987602	0.58358155	0.57569676	0.30435770	
0.64655011	0.35479389	0.35415245	0.64450087	0.30921099	0.58313138	0.57628975	0.30455697	
0.64643828	0.35389294	0.35496668	0.64470076	0.30824467	0.58326952	0.57711274	0.30424621	
0.64732484	0.35300277	0.35477141	0.64489903	0.30809705	0.58340654	0.57695356	0.30393792	
0.64785005	0.35347135	0.35422209	0.64444873	0.30825828	0.58393923	0.57655900	0.30332765	
0.64801909	0.35428856	0.35332393	0.64435962	0.30791548	0.58469958	0.57674345	0.30242018	
0.64818676	0.35410014	0.35243659	0.64527246	0.30757538	0.58447423	0.57692645	0.30233324	
0.64770532	0.35355961	0.35291262	0.64582023	0.30693109	0.58401641	0.57751025	0.30254987	
0.64758078	0.35267210	0.35373797	0.64600820	0.30598745	0.58414784	0.57832246	0.30225512	
0.64845491	0.35179522	0.35355379	0.64619465	0.30586173	0.58427820	0.57815133	0.30196276	
0.64896891	0.35227590	0.35301675	0.64573140	0.30604238	0.58480437	0.57774668	0.30137021	
0.64912791	0.35310393	0.35213197	0.64562818	0.30571733	0.58555678	0.57792234	0.30048233	
0.64928563	0.35292614	0.35125785	0.64652695	0.30539488	0.58532247	0.57809661	0.30041399	
0.64879315	0.35239727	0.35174565	0.64706210	0.30477016	0.58485742	0.57867164	0.30064706	
0.64865668	0.35152246	0.35258140	0.64723884	0.30384807	0.58498247	0.57947361	0.30036749	
0.64951909	0.35065807	0.35240769	0.64741418	0.30374305	0.58510649	0.57929114	0.30009017	
0.65002253	0.35115017	0.35188218	0.64693874	0.30394212	0.58562649	0.57887682	0.29951446	
0.65017208	0.35198840	0.35101001	0.64682221	0.30363391	0.58637132	0.57904414	0.29864510	
0.65032042	0.35182061	0.35014833	0.64770777	0.30332817	0.58612853	0.57921013	0.29859438	
0.64981755	0.35130275	0.35064717	0.64823104	0.30272205	0.58565661	0.57977681	0.29884304	
0.64966979	0.35043984	0.35149276	0.64839724	0.30182034	0.58577561	0.58056904	0.29857787	
0.65052119	0.34958726	0.35132887	0.64856210	0.30173499	0.58589362	0.58037571	0.29831480	
0.65101469	0.35009008	0.35081425	0.64807520	0.30195148	0.58640774	0.57995224	0.29775504	
0.65115533	0.35093791	0.34995393	0.64794618	0.30165923	0.58714540	0.58011160	0.29690324	
0.65129484	0.35077957	0.34910395	0.64881926	0.30136931	0.58689451	0.58026970	0.29686922	
0.65078220	0.35027206	0.34961318	0.64933136	0.30078080	0.58641606	0.58082842	0.29713263	
0.65062385	0.34942040	0.35046801	0.64948762	0.29989844	0.58652928	0.58161136	0.29688107	
0.65146483	0.34857891	0.35031340	0.64964263	0.29983167	0.58664158	0.58140774	0.29663154	
0.65194897	0.34909183	0.34980900	0.64914495	0.30006471	0.58715016	0.58097556	0.29608691	
0.65208122	0.34994871	0.34895983	0.64900415	0.29978759	0.58788100	0.58112735	0.29525174	
0.65221244	0.34979926	0.34812088	0.64986552	0.29951265	0.58762242	0.58127789	0.29523354	
0.65234259	0.34965098	0.34729198	0.65071655	0.29923995	0.58655097	0.58142728	0.29602170	
0.65247170	0.34950391	0.34647302	0.65155737	0.29896943	0.58549235	0.58157545	0.29679869	
0.65259979	0.34935799	0.34566384	0.65238816	0.29870105	0.58444637	0.58172545	0.29756641	
0.65237798	0.35056856	0.34452100	0.65255875	0.29873465	0.58283207	0.58164277	0.29886539	
0.65115108	0.35177175	0.34438759	0.65272696	0.29879802	0.58124016	0.58156056	0.30014634	
0.65028431	0.35160457	0.34459777	0.65354096	0.29855994	0.57927172	0.58171777	0.30170882	
0.64942462	0.35244713	0.34480550	0.65335358	0.29832380	0.57748389	0.58187368	0.30325281	
0.64857195	0.35328280	0.34501073	0.65316837	0.29808960	0.57651065	0.58202833	0.30397828	
0.64772625	0.35411166	0.34521355	0.65298538	0.29785729	0.57554884	0.58217483	0.30469519	
0.64653004	0.35630512	0.34507269	0.65215949	0.29792815	0.57403058	0.58208773	0.30593109	
0.64432719	0.35848498	0.34592004	0.65134490	0.29802743	0.57253311	0.58200114	0.30715008	
0.64250129	0.35927020	0.34709755	0.65118250	0.29782349	0.57065110	0.58216436	0.30865629	
0.64069051	0.36106480	0.34826130	0.65003739	0.29762124	0.56893934	0.58232625	0.31014493	
0.63889473	0.36284450	0.34941148	0.64890559	0.29742067	0.56804497	0.58248681	0.31082221	
0.63711387	0.36460943	0.35054830	0.64778697	0.29722176	0.56716098	0.58262954	0.31149159	
0.63497608	0.36775265	0.35132684	0.64604682	0.29732732	0.56573160	0.58253784	0.31266843	
0.63183045	0.37087599	0.35307435	0.64433018	0.29745996	0.56432155	0.58244672	0.31382938	
0.62908433	0.37257503	0.35514554	0.64326567	0.29728756	0.56251945	0.58261543	0.31528294	
0.62636129	0.37528277	0.35719286	0.64123542	0.29711663	0.56087808	0.58278271	0.31671975	
0.62366119	0.37796773	0.35921664	0.63922855	0.29694712	0.56005671	0.58294859	0.31735182	
0.62034823	0.38024044	0.36254771	0.63689014	0.29647524	0.55979143	0.58349711	0.31749906	
0.61706995	0.38351268	0.36584695	0.63359641	0.29600835	0.55952870	0.58403991	0.31767314	
0.61382598	0.38675068	0.36911469	0.63033412	0.29639801	0.55926846	0.58357054	0.31784556	
0.61101383	0.38853455	0.37271573	0.62771700	0.29648039	0.55955806	0.58337265	0.31750409	
0.60885811	0.39171648	0.37494150	0.62450771	0.29600846	0.56022753	0.58377303	0.31685462	
0.60632277	0.39526897	0.37677689	0.62169973	0.29584366	0.56115257	0.58392952	0.31590197	
0.60319155	0.39736171	0.37994042	0.61952985	0.29537799	0.56166341	0.58445940	0.31526855	
0.60009300	0.40045459	0.38307364	0.61640179	0.29491716	0.56138539	0.58498374	0.31545735	
0.59702683	0.40351518	0.38617687	0.61330371	0.29531003	0.56111007	0.58450656	0.31564433	
0.59440695	0.40510850	0.38963193	0.61083357	0.29539701	0.56138717	0.58430745	0.31531647	
0.59242347	0.40811719	0.39169461	0.60778579	0.29493135	0.56203575	0.58470682	0.31468229	
0.59004244	0.41151436	0.39335173	0.60515453	0.29477119	0.56294691	0.58485444	0.31374648	
0.58708141	0.41343861	0.39635671	0.60314413	0.29431161	0.56345356	0.58536674	0.31312805	
0.58415123	0.41636348	0.39933285	0.60017289	0.29385682	0.56316092	0.58587367	0.31333106	
0.58125156	0.41925790	0.40228039	0.59723018	0.29425293	0.56287107	0.58538919	0.31353213	
0.57881177	0.42067275	0.40559733	0.59489907	0.29434461	0.56313621	0.58518901	0.31321744	
0.57698966	0.42351916	0.40750573	0.59200412	0.29388504	0.56376476	0.58558743	0.31259799	
0.57475317	0.42677082	0.40899416	0.58954009	0.29372951	0.56466252	0.58572680	0.31167847	
0.57195160	0.42853719	0.41184916	0.58768055	0.29327594	0.56516511	0.58622245	0.31107450	
0.56917916	0.43130466	0.41467668	0.58485763	0.29282706	0.56485843	0.58671294	0.31129126	
0.56643549	0.43404340	0.41747696	0.58206191	0.29322647	0.56455470	0.58622158	0.31150591	
0.56416447	0.43529100	0.42066324	0.57986233	0.29332281	0.56480830	0.58602045	0.31120391	
0.56249353	0.43798535	0.42242568	0.57711192	0.29286926	0.56541768	0.58641812	0.31059868	
0.56039249	0.44110068	0.42375462	0.57480605	0.29271829	0.56630259	0.58654965	0.30969488	
0.55774036	0.44271909	0.42646775	0.57308920	0.29227063	0.56680124	0.58702959	0.30910488	
0.55511572	0.44533906	0.42915472	0.57040658	0.29182759	0.56648108	0.58750459	0.30933489	
0.55251829	0.44793187	0.43181576	0.56774984	0.29223032	0.56616401	0.58700675	0.30956266	
0.55040544	0.44902277	0.43487845	0.56567463	0.29233133	0.56640659	0.58680478	0.30927289	
0.54887619	0.45157457	0.43650291	0.56306094	0.29188370	0.56699759	0.58720177	0.30868139	
0.54690215	0.45456211	0.43768100	0.56090458	0.29173724	0.56787017	0.58732592	0.30779278	
0.54439007	0.45604183	0.44026000	0.55932265	0.29129536	0.56836498	0.58779109	0.30721623	
0.54190401	0.45852350	0.44281407	0.55677268	0.29085804	0.56803189	0.58825141	0.30745899	
0.53944365	0.46097953	0.44534345	0.55424735	0.29126414	0.56770204	0.58774749	0.30769942	
0.53747908	0.46192349	0.44828933	0.55228972	0.29136977	0.56793406	0.58754481	0.30742146	
0.53608267	0.46434167	0.44978333	0.54980526	0.29092791	0.56850746	0.58794122	0.30684321	
0.53422767	0.46720938	0.45081882	0.54779027	0.29078594	0.56936818	0.58805846	0.30596920	
0.53184694	0.46855909	0.45327103	0.54633584	0.29034971	0.56985924	0.58850959	0.30540562	
0.52949081	0.47091110	0.45569949	0.54391126	0.28991799	0.56951380	0.58895605	0.30566071	
0.52715899	0.47323883	0.45810442	0.54151016	0.29032750	0.56917172	0.58844641	0.30591334	
0.52533347	0.47404503	0.46093988	0.53966365	0.29043771	0.56939356	0.58824311	0.30564677	
0.52406164	0.47633788	0.46231058	0.53730134	0.29000155	0.56995013	0.58863903	0.30508127	
0.52231829	0.47909324	0.46321130	0.53541995	0.28986395	0.57079949	0.58874974	0.30422132	
0.52006073	0.48032098	0.46554367	0.53408607	0.28943327	0.57128690	0.58918765	0.30367026	
0.51782645	0.48255139	0.46785342	0.53177997	0.28900706	0.57092961	0.58962103	0.30393721	
0.51561517	0.48475881	0.47014077	0.52949625	0.28941994	0.57057581	0.58910603	0.30420156	
0.51392007	0.48543580	0.47287187	0.52775476	0.28953471	0.57078791	0.58890219	0.30394598	
0.51276511	0.48761110	0.47412606	0.52550785	0.28910406	0.57132842	0.58929769	0.30339275	
0.51112646	0.49026102	0.47489945	0.52375271	0.28897079	0.57216684	0.58940226	0.30254642	
0.50898447	0.49137441	0.47711861	0.52253270	0.28854556	0.57265073	0.58982765	0.30200738	
0.50686448	0.49349073	0.47931618	0.52033854	0.28812473	0.57228211	0.59024866	0.30228574	
0.50476633	0.49558528	0.48149241	0.51816574	0.28854098	0.57191707	0.58972855	0.30256141	
0.50319356	0.49614104	0.48412494	0.51652347	0.28866023	0.57211982	0.58952426	0.30231637	
0.50214824	0.49820605	0.48526905	0.51438559	0.28823503	0.57264496	0.58991943	0.30177499	
0.50060784	0.50075708	0.48592216	0.51274973	0.28810597	0.57347289	0.59001822	0.30094168	
0.49857424	0.50176312	0.48803436	0.51163728	0.28768607	0.57395335	0.59043179	0.30041424	
0.49656154	0.50377242	0.49012599	0.50954889	0.28727047	0.57357388	0.59084108	0.30070362	
0.49456951	0.50576106	0.49219724	0.50748083	0.28769011	0.57319810	0.59031624	0.30099018	
0.49311154	0.50620305	0.49473667	0.50593230	0.28781380	0.57339195	0.59011156	0.30075530	
0.49216912	0.50816457	0.49577681	0.50389742	0.28739385	0.57390231	0.59050644	0.30022527	
0.49072093	0.51062279	0.49631631	0.50237418	0.28726898	0.57472025	0.59059975	0.29940454	
0.48878906	0.51152813	0.49832747	0.50136333	0.28685426	0.57519738	0.59100214	0.29888827	
0.48687702	0.51343696	0.50031905	0.49937482	0.28644378	0.57480751	0.59140039	0.29918822	
0.48498458	0.51532621	0.50229119	0.49740570	0.28686678	0.57442145	0.59087103	0.29948525	
0.48363439	0.51566144	0.50474267	0.49594568	0.28699483	0.57460674	0.59066602	0.29926013	
0.48278850	0.51752583	0.50568463	0.49400805	0.28658007	0.57510302	0.59106070	0.29874107	
0.48142685	0.51989692	0.50611683	0.49259119	0.28645925	0.57591134	0.59114887	0.29793244	
0.47959049	0.52070772	0.50803262	0.49167628	0.28604961	0.57638528	0.59154066	0.29742690	
0.47777292	0.52252226	0.50992968	0.48978208	0.28564416	0.57598550	0.59192848	0.29773700	
0.47597397	0.52431822	0.51180824	0.48790641	0.28607046	0.57558956	0.59139489	0.29804409	
0.47472492	0.52455323	0.51417666	0.48652993	0.28620280	0.57576666	0.59118962	0.29782837	
0.47396969	0.52632644	0.51502593	0.48468415	0.28579309	0.57624948	0.59158414	0.29731984	
0.47268928	0.52861574	0.51535685	0.48336771	0.28567625	0.57704861	0.59166745	0.29652285	
0.47094257	0.52933780	0.51718255	0.48254338	0.28527155	0.57751942	0.59204925	0.29602761	
0.46921371	0.53106381	0.51899041	0.48073824	0.28487097	0.57711011	0.59242714	0.29634751	
0.46750254	0.53277215	0.52078060	0.47895075	0.28530053	0.57670481	0.59188959	0.29666429	
0.46634846	0.53291309	0.52307065	0.47765319	0.28543710	0.57687404	0.59168408	0.29645760	
0.46567833	0.53460068	0.52383238	0.47589409	0.28503229	0.57734401	0.59207849	0.29595919	
0.46447420	0.53681319	0.52406768	0.47467246	0.28491935	0.57813432	0.59215721	0.29517337	
0.46281166	0.53745190	0.52580837	0.47393364	0.28451946	0.57860213	0.59252956	0.29468805	
0.46116611	0.53909480	0.52753201	0.47221256	0.28412364	0.57818374	0.59289809	0.29501736	
0.45953736	0.54072093	0.52923879	0.47050830	0.28455645	0.57776940	0.59235676	0.29534342	
0.45847245	0.54077347	0.53145485	0.46928521	0.28469718	0.57793116	0.59215109	0.29514544	
0.45788225	0.54238067	0.53213398	0.46760794	0.28429715	0.57838885	0.59254542	0.29465675	
0.45674974	0.54452110	0.53227902	0.46647580	0.28418800	0.57917067	0.59261982	0.29388164	
0.45516625	0.54508153	0.53393947	0.46581770	0.28379280	0.57963560	0.59298322	0.29340586	
0.45359892	0.54664637	0.53558363	0.46417593	0.28340161	0.57920850	0.59334289	0.29374419	
0.45204758	0.54819523	0.53721169	0.46255027	0.28383761	0.57878560	0.59279806	0.29407920	
0.45106643	0.54816482	0.53935789	0.46139747	0.28398239	0.57894016	0.59259223	0.29388953	
0.45055128	0.54969652	0.53995908	0.45979742	0.28358700	0.57938610	0.59298650	0.29341019	
0.44948605	0.55176919	0.54001895	0.45874974	0.28348159	0.58015985	0.59305684	0.29264540	
0.44797681	0.55225613	0.54160366	0.45816778	0.28309093	0.58062198	0.59341177	0.29217879	
0.44648297	0.55374765	0.54317281	0.45660088	0.28270425	0.58018655	0.59376306	0.29252577	
0.44500433	0.55522397	0.54472658	0.45504935	0.28314340	0.57975542	0.59321488	0.29286936	
0.44410185	0.55511560	0.54680690	0.45396287	0.28329216	0.57990312	0.59300894	0.29268771	
0.44365718	0.55657635	0.54733452	0.45243571	0.28290128	0.58033789	0.59340324	0.29221734	
0.44265516	0.55858542	0.54731403	0.45146771	0.28279949	0.58110387	0.59346974	0.29146247	
0.44121569	0.55900332	0.54882728	0.45095761	0.28241325	0.58156330	0.59381662	0.29100461	
0.43979084	0.56042595	0.55032568	0.44946135	0.28203096	0.58111996	0.59415999	0.29135995	
0.43838050	0.56183409	0.55180935	0.44797981	0.28247320	0.58068094	0.59360864	0.29171178	
0.43755192	0.56165252	0.55382747	0.44695588	0.28262584	0.58082208	0.59340271	0.29153780	
0.43717352	0.56304665	0.55428569	0.44549746	0.28223936	0.58124612	0.59379697	0.29107605	
0.43623086	0.56499593	0.55418939	0.44460466	0.28214110	0.58200470	0.59385984	0.29033069	
0.43485691	0.56534897	0.55563521	0.44416235	0.28175916	0.58246153	0.59419914	0.28988128	
0.43349692	0.56670689	0.55706685	0.44273274	0.28138112	0.58201060	0.59453499	0.29024458	
0.43215076	0.56805100	0.55848438	0.44131719	0.28182639	0.58156411	0.59398069	0.29060432	
0.43139160	0.56780062	0.56044386	0.44035230	0.28198285	0.58169894	0.59377469	0.29043774	
0.43107543	0.56913216	0.56083661	0.43895875	0.28160064	0.58211273	0.59416902	0.28998422	
0.43018857	0.57102527	0.56066877	0.43813687	0.28150580	0.58286425	0.59422848	0.28924799	
0.42887619	0.57131736	0.56205102	0.43775851	0.28112804	0.58331857	0.59456056	0.28880670	
0.42757713	0.57261447	0.56341966	0.43639178	0.28075413	0.58286039	0.59488931	0.28917766	
0.42629127	0.57389840	0.56477482	0.43503847	0.28120241	0.58240672	0.59433222	0.28954500	
0.42559738	0.57358338	0.56667896	0.43412927	0.28136254	0.58253556	0.59412619	0.28938547	
0.42533966	0.57485607	0.56700996	0.43279691	0.28098445	0.58293960	0.59452063	0.28893990	
0.42450523	0.57669642	0.56677464	0.43204191	0.28089297	0.58368433	0.59457682	0.28821243	
0.42325070	0.57693123	0.56809689	0.43172390	0.28051928	0.58413621	0.59490213	0.28777887	
0.42200890	0.57817121	0.56940613	0.43041643	0.28014939	0.58367112	0.59522414	0.28815721	
0.42077972	0.57939858	0.57070248	0.42912187	0.28060057	0.58321060	0.59466439	0.28853182	
0.42014712	0.57902280	0.57255443	0.42826520	0.28076434	0.58333370	0.59445840	0.28837907	
0.41994438	0.58024022	0.57282718	0.42699054	0.28039027	0.58372842	0.59485290	0.28794112	
0.41915922	0.58203097	0.57252821	0.42629862	0.28030203	0.58446669	0.59490603	0.28722203	
0.41795907	0.58221193	0.57379391	0.42603749	0.27993227	0.58491624	0.59522492	0.28679596	
0.41677109	0.58339820	0.57504713	0.42478597	0.27956627	0.58444451	0.59554054	0.28718133	
0.41559515	0.58457243	0.57628797	0.42354679	0.28002030	0.58397746	0.59497833	0.28756291	
0.41502021	0.58413958	0.57809069	0.42273963	0.28018759	0.58409511	0.59477236	0.28741669	
0.41486912	0.58530501	0.57830852	0.42151939	0.27981740	0.58448093	0.59516696	0.28698603	
0.41413027	0.58704914	0.57794957	0.42088699	0.27973231	0.58521297	0.59521720	0.28627500	
0.41298123	0.58717951	0.57916190	0.42067950	0.27936638	0.58566031	0.59552996	0.28585607	
0.41184382	0.58831530	0.58036228	0.41948071	0.27900415	0.58518227	0.59583957	0.28624819	
0.41071795	0.58943957	0.58155080	0.41829374	0.27946100	0.58470897	0.59527500	0.28663648	
0.41019717	0.58895303	0.58330714	0.41753331	0.27963173	0.58482135	0.59506909	0.28649650	
0.41009464	0.59006962	0.58347314	0.41636437	0.27926530	0.58519869	0.59546381	0.28607283	
0.40939932	0.59176993	0.58305760	0.41578808	0.27918329	0.58592483	0.59551136	0.28536952	
0.40829832	0.59185276	0.58421965	0.41563120	0.27882105	0.58636999	0.59581831	0.28495742	
0.40720846	0.59294108	0.58537021	0.41448212	0.27846248	0.58588594	0.59612220	0.28535606	
0.40612967	0.59401840	0.58650939	0.41334440	0.27892204	0.58540665	0.59555543	0.28575073	
0.40565980	0.59348142	0.58822193	0.41262799	0.27909609	0.58551405	0.59534958	0.28561674	
0.40560292	0.59455210	0.58833913	0.41150746	0.27873333	0.58588329	0.59574443	0.28519977	
0.40494851	0.59621119	0.58787023	0.41098405	0.27865429	0.58660375	0.59578941	0.28450387	
0.40389268	0.59624929	0.58898485	0.41087488	0.27829563	0.58704683	0.59609090	0.28409833	
0.40284753	0.59729301	0.59008844	0.40977269	0.27794060	0.58655705	0.59638937	0.28450316	
0.40181296	0.59832618	0.59118111	0.40868138	0.27840282	0.58607207	0.59582050	0.28490400	
0.40139098	0.59774177	0.59285240	0.40800651	0.27858014	0.58617468	0.59561473	0.28477573	
0.40137700	0.59876926	0.59292354	0.40693159	0.27822090	0.58653620	0.59600974	0.28436519	
0.40076107	0.60038965	0.59240435	0.40645805	0.27814474	0.58725125	0.59605227	0.28367638	
0.39974771	0.60038571	0.59347424	0.40639383	0.27778957	0.58769236	0.59634858	0.28327714	
0.39874460	0.60138749	0.59453354	0.40533585	0.27743796	0.58719704	0.59664191	0.28368793	
0.39775163	0.60237914	0.59558237	0.40428833	0.27790277	0.58670665	0.59607107	0.28409467	
0.39737467	0.60175012	0.59721477	0.40365260	0.27808323	0.58680469	0.59586540	0.28397189	
0.39740103	0.60273703	0.59724250	0.40262067	0.27772742	0.58715884	0.59626056	0.28356750	
0.39682128	0.60432099	0.59667589	0.40219416	0.27765408	0.58786870	0.59630078	0.28288547	
0.39584783	0.60427754	0.59770361	0.40217233	0.27730225	0.58830791	0.59659220	0.28249227	
0.39488425	0.60523987	0.59872118	0.40115601	0.27695397	0.58780737	0.59688066	0.28290876	
0.39393038	0.60619248	0.59972867	0.40014975	0.27742130	0.58731177	0.59630796	0.28332113	
0.39359575	0.60552154	0.60132440	0.39955092	0.27760484	0.58740546	0.59610240	0.28320361	
0.39366006	0.60647028	0.60131120	0.39855953	0.27725232	0.58775256	0.59649771	0.28280514	
0.39311432	0.60801999	0.60069992	0.39817733	0.27718170	0.58845749	0.59653575	0.28212963	
0.39217844	0.60793938	0.60168790	0.39819547	0.27683312	0.58889486	0.59682251	0.28174217	
0.39125199	0.60886463	0.60266613	0.39721841	0.27648804	0.58838932	0.59710638	0.28216414	
0.39033491	0.60978054	0.60363465	0.39625104	0.27695784	0.58788877	0.59653191	0.28258191	
0.39004008	0.60907017	0.60519580	0.39568700	0.27714437	0.58797830	0.59632647	0.28246944	
0.39014005	0.60998300	0.60514406	0.39473384	0.27679505	0.58831869	0.59672194	0.28207659	
0.38962631	0.61150051	0.60449064	0.39439341	0.27672705	0.58901892	0.59675794	0.28140733	
0.38872575	0.61138495	0.60544117	0.39444920	0.27638159	0.58945452	0.59704028	0.28102541	
0.38783425	0.61227533	0.60638230	0.39350917	0.27603963	0.58894419	0.59731979	0.28145259	
0.38695176	0.61315671	0.60731410	0.39257844	0.27651181	0.58843895	0.59674365	0.28187555	
0.38669435	0.61240926	0.60884268	0.39204719	0.27670122	0.58852448	0.59653832	0.28176790	
0.38682789	0.61328835	0.60875458	0.39113004	0.27635500	0.58885850	0.59693399	0.28138046	
0.38634421	0.61477555	0.60806145	0.39082897	0.27628953	0.58955420	0.59696804	0.28071718	
0.38547685	0.61462714	0.60897668	0.39092027	0.27594713	0.58998808	0.59724620	0.28034056	
0.38461822	0.61548470	0.60988286	0.39001514	0.27560815	0.58947324	0.59752158	0.28077273	
0.38376827	0.61633363	0.61078005	0.38911896	0.27608267	0.58896348	0.59694386	0.28120065	
0.38354605	0.61555132	0.61227793	0.38861859	0.27627490	0.58904523	0.59673866	0.28109761	
0.38371115	0.61639864	0.61215556	0.38773539	0.27593166	0.58937312	0.59713451	0.28071537	
0.38325578	0.61785738	0.61142502	0.38747144	0.27586867	0.59006452	0.59716671	0.28005776	
0.38241964	0.61767804	0.61230697	0.38759618	0.27552919	0.59049679	0.59744095	0.27968621	
0.38159193	0.61850476	0.61318020	0.38672393	0.27519313	0.58997759	0.59771238	0.28012321	
0.38077256	0.61932314	0.61404476	0.38586032	0.27566989	0.58946354	0.59713322	0.28055584	
0.38058347	0.61850802	0.61551373	0.38538906	0.27586483	0.58954167	0.59692812	0.28045724	
0.38077826	0.61932549	0.61535906	0.38453784	0.27552444	0.58986375	0.59732413	0.28007996	
0.38034949	0.62075745	0.61459325	0.38430885	0.27546384	0.59055104	0.59735462	0.27942782	
0.37954273	0.62054902	0.61544386	0.38446512	0.27512719	0.59098175	0.59762507	0.27906113	
0.37874409	0.62134674	0.61628604	0.38362386	0.27479393	0.59045839	0.59789283	0.27950270	
0.37795349	0.62213641	0.61711988	0.38279094	0.27527290	0.58994026	0.59731223	0.27993989	
0.37779555	0.62129041	0.61856156	0.38234711	0.27547046	0.59001495	0.59710731	0.27984554	
0.37801824	0.62207980	0.61837648	0.38152604	0.27513289	0.59033146	0.59750349	0.27947295	
0.37761451	0.62348656	0.61757743	0.38133000	0.27507458	0.59101481	0.59753234	0.27882609	
0.37683538	0.62325078	0.61839851	0.38151600	0.27474065	0.59144402	0.59779923	0.27846403	
0.37606409	0.62402119	0.61921145	0.38070391	0.27441009	0.59091674	0.59806346	0.27890999	
0.37530057	0.62478385	0.62001631	0.37989990	0.27489117	0.59039468	0.59748154	0.27935153	
0.37517192	0.62390885	0.62143229	0.37948194	0.27509130	0.59046607	0.59727677	0.27926121	
0.37542087	0.62467182	0.62121854	0.37868925	0.27475643	0.59077731	0.59767313	0.27889318	
0.37504069	0.62605485	0.62038819	0.37852428	0.27470032	0.59145692	0.59770044	0.27825132	
0.37428755	0.62579335	0.62118143	0.37873826	0.27436905	0.59188471	0.59796395	0.27789372	
0.37354198	0.62653810	0.62196678	0.37795370	0.27404111	0.59135363	0.59822485	0.27834387	
0.37280394	0.62727535	0.62274435	0.37717693	0.27452427	0.59082784	0.59764168	0.27878954	
0.37270284	0.62637303	0.62413614	0.37678334	0.27472686	0.59089608	0.59743702	0.27870312	
0.37297649	0.62711115	0.62389539	0.37601743	0.27439455	0.59120227	0.59783356	0.27833944	
0.37261846	0.62847187	0.62303552	0.37588170	0.27434061	0.59187831	0.59785942	0.27770238	
0.37188978	0.62818617	0.62380252	0.37612206	0.27401189	0.59230472	0.59811977	0.27734901	
0.37116843	0.62890677	0.62456191	0.37536342	0.27368647	0.59177006	0.59837746	0.27780318	
0.37045433	0.62962010	0.62531376	0.37461233	0.27417160	0.59124070	0.59779313	0.27825285	
0.37037915	0.62869210	0.62668274	0.37424168	0.27437656	0.59130595	0.59758864	0.27817012	
0.37067605	0.62940684	0.62641653	0.37350097	0.27404678	0.59160735	0.59798536	0.27781063	
0.37033885	0.63074660	0.62552886	0.37339281	0.27399494	0.59227996	0.59800980	0.27717813	
0.36963316	0.63043813	0.62627115	0.37365802	0.27366865	0.59270505	0.59826714	0.27682883	
0.36893458	0.63113599	0.62700608	0.37292381	0.27334565	0.59216697	0.59852183	0.27728686	
0.36824303	0.63182684	0.62773368	0.37219690	0.27383275	0.59163422	0.59793640	0.27774031	
0.36819223	0.63087469	0.62908117	0.37184788	0.27404002	0.59169661	0.59773202	0.27766113	
0.36851100	0.63156743	0.62879097	0.37113094	0.27371263	0.59199341	0.59812895	0.27730560	
0.36819340	0.63288743	0.62787714	0.37104875	0.27366278	0.59266277	0.59815208	0.27667749	
0.36750937	0.63255754	0.62859614	0.37133737	0.27333887	0.59308661	0.59840650	0.27633211	
0.36683220	0.63323402	0.62930800	0.37062618	0.27301822	0.59254526	0.59865839	0.27679379	
0.36616184	0.63390371	0.63001278	0.36992203	0.27350718	0.59200928	0.59807190	0.27725089	
0.36613400	0.63292883	0.63134002	0.36959341	0.27371670	0.59206889	0.59786768	0.27717510	
0.36647334	0.63360086	0.63102724	0.36889884	0.27339162	0.59236137	0.59826474	0.27682337	
0.36617419	0.63490231	0.63008872	0.36884113	0.27334373	0.59302760	0.59828667	0.27619946	
0.36551052	0.63455225	0.63078580	0.36915181	0.27302208	0.59345022	0.59853839	0.27585779	
0.36485350	0.63520864	0.63147593	0.36846229	0.27270371	0.59290575	0.59878758	0.27632300	
0.36420310	0.63585842	0.63215921	0.36777962	0.27319450	0.59236670	0.59820006	0.27678358	
0.36419685	0.63486214	0.63346737	0.36747017	0.27340614	0.59242374	0.59799599	0.27671105	
